  -2.4948e-01  -6.5610e-02  -6.9488e-03  -2.5224e-03  -3.5967e-03  -1.5010e-01  -9.9415e-02  -9.8997e-03  -2.9565e-02
  -2.2657e-01  -7.3194e-02  -6.0270e-03  -2.7540e-03  -3.1972e-03  -1.7000e-01  -1.1177e-01  -1.3372e-02  -3.3215e-02
  -2.0404e-01  -8.0650e-02  -5.1212e-03  -2.9816e-03  -2.8047e-03  -1.8042e-01  -1.1766e-01  -1.6673e-02  -3.5032e-02
  -1.8225e-01  -8.7861e-02  -4.2462e-03  -3.2017e-03  -2.4255e-03  -1.8238e-01  -1.1778e-01  -1.9766e-02  -3.5215e-02
  -1.6151e-01  -9.4722e-02  -3.4145e-03  -3.4111e-03  -2.0652e-03  -1.7722e-01  -1.1308e-01  -2.2620e-02  -3.4030e-02
  -1.4208e-01  -1.0115e-01  -2.6363e-03  -3.6072e-03  -1.7281e-03  -1.6648e-01  -1.0463e-01  -2.5221e-02  -3.1778e-02
  -1.2412e-01  -1.0709e-01  -1.9192e-03  -3.7883e-03  -1.4174e-03  -1.5173e-01  -9.3507e-02  -2.7560e-02  -2.8765e-02
  -1.0775e-01  -1.1250e-01  -1.2676e-03  -3.9533e-03  -1.1352e-03  -1.3440e-01  -8.0712e-02  -2.9640e-02  -2.5271e-02
  -9.3000e-02  -1.1737e-01  -6.8333e-04  -4.1017e-03  -8.8233e-04  -1.1575e-01  -6.7103e-02  -3.1469e-02  -2.1541e-02
  -7.9858e-02  -1.2171e-01  -1.6621e-04  -4.2338e-03  -6.5858e-04  -9.6781e-02  -5.3370e-02  -3.3061e-02  -1.7772e-02
  -6.8261e-02  -1.2554e-01   2.8586e-04  -4.3500e-03  -4.6310e-04  -7.8267e-02  -4.0033e-02  -3.4433e-02  -1.4112e-02
  -5.8115e-02  -1.2888e-01   6.7614e-04  -4.4513e-03  -2.9451e-04  -6.0739e-02  -2.7455e-02  -3.5602e-02  -1.0667e-02
  -4.9304e-02  -1.3177e-01   1.0086e-03  -4.5389e-03  -1.5109e-04  -4.4535e-02  -1.5860e-02  -3.6588e-02  -7.5008e-03
  -4.1702e-02  -1.3426e-01   1.2876e-03  -4.6139e-03  -3.1013e-05  -2.9836e-02  -5.3679e-03  -3.7408e-02  -4.6514e-03
  -3.5181e-02  -1.3639e-01   1.5173e-03  -4.6776e-03   6.7558e-05  -1.6707e-02   3.9862e-03  -3.8079e-02  -2.1319e-03
  -2.9614e-02  -1.3819e-01   1.7018e-03  -4.7313e-03   1.4631e-04  -5.1246e-03   1.2224e-02  -3.8615e-02   6.0019e-05
  -2.4880e-02  -1.3971e-01   1.8445e-03  -4.7759e-03   2.0671e-04   4.9880e-03   1.9403e-02  -3.9028e-02   1.9369e-03
  -2.0869e-02  -1.4098e-01   1.9483e-03  -4.8126e-03   2.4994e-04   1.3742e-02   2.5608e-02  -3.9328e-02   3.5170e-03
  -1.7481e-02  -1.4204e-01   2.0153e-03  -4.8422e-03   2.7685e-04   2.1267e-02   3.0929e-02  -3.9523e-02   4.8208e-03
  -1.4627e-02  -1.4290e-01   2.0467e-03  -4.8654e-03   2.8792e-04   2.7694e-02   3.5464e-02  -3.9615e-02   5.8687e-03
  -1.2226e-02  -1.4360e-01   2.0429e-03  -4.8830e-03   2.8324e-04   3.3157e-02   3.9305e-02  -3.9609e-02   6.6793e-03
  -1.0211e-02  -1.4415e-01   2.0034e-03  -4.8952e-03   2.6245e-04   3.7778e-02   4.2538e-02  -3.9500e-02   7.2678e-03
  -8.5228e-03  -1.4456e-01   1.9266e-03  -4.9026e-03   2.2474e-04   4.1670e-02   4.5244e-02  -3.9286e-02   7.6457e-03
  -7.1094e-03  -1.4486e-01   1.8096e-03  -4.9052e-03   1.6878e-04   4.4934e-02   4.7493e-02  -3.8958e-02   7.8197e-03
  -5.9275e-03  -1.4505e-01   1.6487e-03  -4.9032e-03   9.2690e-05   4.7659e-02   4.9345e-02  -3.8503e-02   7.7916e-03
  -4.9402e-03  -1.4513e-01   1.4385e-03  -4.8964e-03  -6.0183e-06   4.9923e-02   5.0852e-02  -3.7907e-02   7.5576e-03
  -4.1159e-03  -1.4511e-01   1.1722e-03  -4.8847e-03  -1.3053e-04   5.1792e-02   5.2059e-02  -3.7146e-02   7.1077e-03
  -3.4282e-03  -1.4499e-01   8.4134e-04  -4.8676e-03  -2.8480e-04   5.3323e-02   5.2999e-02  -3.6195e-02   6.4256e-03
  -2.8548e-03  -1.4476e-01   4.3566e-04  -4.8447e-03  -4.7364e-04   5.4562e-02   5.3702e-02  -3.5018e-02   5.4875e-03
  -2.3768e-03  -1.4441e-01  -5.7362e-05  -4.8152e-03  -7.0288e-04   5.5550e-02   5.4187e-02  -3.3572e-02   4.2614e-03
  -1.9785e-03  -1.4395e-01  -6.5257e-04  -4.7783e-03  -9.7941e-04   5.6317e-02   5.4468e-02  -3.1805e-02   2.7060e-03
  -1.6468e-03  -1.4334e-01  -1.3675e-03  -4.7329e-03  -1.3114e-03   5.6891e-02   5.4552e-02  -2.9649e-02   7.6929e-04
  -1.3705e-03  -1.4259e-01  -2.2225e-03  -4.6777e-03  -1.7082e-03   5.7290e-02   5.4436e-02  -2.7021e-02  -1.6129e-03
  -1.1404e-03  -1.4166e-01  -3.2411e-03  -4.6112e-03  -2.1809e-03   5.7532e-02   5.4113e-02  -2.3817e-02  -4.5193e-03
  -9.4894e-04  -1.4053e-01  -4.4502e-03  -4.5316e-03  -2.7418e-03   5.7627e-02   5.3562e-02  -1.9903e-02  -8.0451e-03
  -7.8954e-04  -1.3917e-01  -5.8799e-03  -4.4370e-03  -3.4050e-03   5.7584e-02   5.2752e-02  -1.5112e-02  -1.2305e-02
  -6.5689e-04  -1.3756e-01  -7.5637e-03  -4.3253e-03  -4.1860e-03   5.7410e-02   5.1637e-02  -9.2212e-03  -1.7437e-02
  -5.4650e-04  -1.3566e-01  -9.5378e-03  -4.1939e-03  -5.1015e-03   5.7112e-02   5.0145e-02  -1.9404e-03  -2.3603e-02
  -4.5464e-04  -1.3344e-01  -1.1840e-02  -4.0405e-03  -6.1693e-03   5.6696e-02   4.8171e-02   7.1265e-03  -3.0992e-02
  -3.7821e-04  -1.3084e-01  -1.4510e-02  -3.8624e-03  -7.4074e-03   5.6173e-02   4.5555e-02   1.8531e-02  -3.9819e-02
  -3.1462e-04  -1.2785e-01  -1.7586e-02  -3.6571e-03  -8.8335e-03   5.5561e-02   4.2044e-02   3.3068e-02  -5.0306e-02
  -2.6172e-04  -1.2442e-01  -2.1102e-02  -3.4223e-03  -1.0464e-02   5.4889e-02   3.7217e-02   5.1920e-02  -6.2630e-02
  -2.1771e-04  -1.2053e-01  -2.5088e-02  -3.1562e-03  -1.2311e-02   5.4210e-02   3.0348e-02   7.6913e-02  -7.6769e-02
  -1.8110e-04  -1.1616e-01  -2.9561e-02  -2.8576e-03  -1.4384e-02   5.3604e-02   2.0104e-02   1.1092e-01  -9.2026e-02
  -1.5064e-04  -1.1131e-01  -3.4527e-02  -2.5263e-03  -1.6686e-02   5.3184e-02   3.9397e-03   1.5833e-01  -1.0560e-01
  -1.2530e-04  -1.0598e-01  -3.9973e-02  -2.1631e-03  -1.9209e-02   5.3025e-02  -2.2968e-02   2.2451e-01  -1.0819e-01
  -1.0423e-04  -1.0022e-01  -4.5868e-02  -1.7703e-03  -2.1940e-02   5.2755e-02  -6.7734e-02   3.0708e-01  -7.2387e-02
  -8.6694e-05  -9.4061e-02  -5.2158e-02  -1.3517e-03  -2.4853e-02   5.0183e-02  -1.2652e-01   3.5654e-01   5.4811e-02
  -7.2111e-05  -8.7593e-02  -5.8767e-02  -9.1261e-04  -2.7912e-02   4.2030e-02  -1.4838e-01   2.6224e-01   2.4757e-01
  -5.9981e-05  -8.0904e-02  -6.5601e-02  -4.5952e-04  -3.1074e-02   3.2436e-02  -1.0559e-01   8.7535e-02   3.2722e-01
  -4.9891e-05  -7.4100e-02  -7.2550e-02   9.3591e-17  -3.4287e-02   2.6328e-02  -5.6413e-02  -1.8218e-02   2.9310e-01
  -4.1498e-05  -6.7296e-02  -7.9500e-02   4.5782e-04  -3.7498e-02   2.2615e-02  -2.5549e-02  -5.8921e-02   2.3456e-01
  -3.4517e-05  -6.0605e-02  -8.6332e-02   9.0576e-04  -4.0651e-02   1.9845e-02  -8.3734e-03  -6.9760e-02   1.8293e-01
  -2.8710e-05  -5.4134e-02  -9.2939e-02   1.3361e-03  -4.3695e-02   1.7441e-02   1.1273e-03  -6.8703e-02   1.4181e-01
  -2.3881e-05  -4.7975e-02  -9.9225e-02   1.7419e-03  -4.6586e-02   1.5224e-02   6.4293e-03  -6.3127e-02   1.0930e-01
  -1.9863e-05  -4.2202e-02  -1.0512e-01   2.1176e-03  -4.9287e-02   1.3155e-02   9.3722e-03  -5.6054e-02   8.3266e-02
  -1.6522e-05  -3.6869e-02  -1.1056e-01   2.4588e-03  -5.1773e-02   1.1235e-02   1.0950e-02  -4.8770e-02   6.2098e-02
  -1.3742e-05  -3.2006e-02  -1.1552e-01   2.7625e-03  -5.4026e-02   9.4713e-03   1.1721e-02  -4.1837e-02   4.4676e-02
  -1.1430e-05  -2.7625e-02  -1.1998e-01   3.0267e-03  -5.6040e-02   7.8720e-03   1.2014e-02  -3.5488e-02   3.0211e-02
  -9.5073e-06  -2.3722e-02  -1.2395e-01   3.2507e-03  -5.7814e-02   6.4384e-03   1.2027e-02  -2.9807e-02   1.8136e-02
  -7.9078e-06  -2.0277e-02  -1.2746e-01   3.4340e-03  -5.9356e-02   5.1671e-03   1.1882e-02  -2.4800e-02   8.0231e-03
  -6.5775e-06  -1.7263e-02  -1.3052e-01   3.5770e-03  -6.0674e-02   4.0506e-03   1.1653e-02  -2.0435e-02  -4.5931e-04
  -5.4709e-06  -1.4646e-02  -1.3317e-01   3.6797e-03  -6.1782e-02   3.0781e-03   1.1389e-02  -1.6661e-02  -7.5760e-03
  -4.5505e-06  -1.2388e-02  -1.3545e-01   3.7421e-03  -6.2692e-02   2.2374e-03   1.1116e-02  -1.3420e-02  -1.3544e-02
  -3.7850e-06  -1.0451e-02  -1.3739e-01   3.7636e-03  -6.3417e-02   1.5153e-03   1.0852e-02  -1.0652e-02  -1.8542e-02
  -3.1482e-06  -8.7968e-03  -1.3904e-01   3.7432e-03  -6.3970e-02   8.9864e-04   1.0605e-02  -8.2981e-03  -2.2721e-02
  -2.6186e-06  -7.3906e-03  -1.4043e-01   3.6787e-03  -6.4358e-02   3.7467e-04   1.0380e-02  -6.3045e-03  -2.6208e-02
  -2.1780e-06  -6.1993e-03  -1.4159e-01   3.5669e-03  -6.4588e-02  -6.8385e-05   1.0178e-02  -4.6216e-03  -2.9110e-02
  -1.8116e-06  -5.1929e-03  -1.4255e-01   3.4034e-03  -6.4662e-02  -4.4129e-04   9.9965e-03  -3.2051e-03  -3.1515e-02
  -1.5068e-06  -4.3449e-03  -1.4334e-01   3.1823e-03  -6.4581e-02  -7.5366e-04   9.8350e-03  -2.0160e-03  -3.3499e-02
  -1.2533e-06  -3.6318e-03  -1.4397e-01   2.8958e-03  -6.4339e-02  -1.0139e-03   9.6907e-03  -1.0203e-03  -3.5126e-02
  -1.0425e-06  -3.0333e-03  -1.4446e-01   2.5341e-03  -6.3926e-02  -1.2294e-03   9.5606e-03  -1.8880e-04  -3.6445e-02
  -8.6709e-07  -2.5317e-03  -1.4483e-01   2.0851e-03  -6.3327e-02  -1.4064e-03   9.4417e-03   5.0368e-04  -3.7501e-02
  -7.2121e-07  -2.1119e-03  -1.4509e-01   1.5340e-03  -6.2523e-02  -1.5501e-03   9.3311e-03   1.0784e-03  -3.8327e-02
  -5.9988e-07  -1.7608e-03  -1.4524e-01   8.6251e-04  -6.1486e-02  -1.6650e-03   9.2258e-03   1.5535e-03  -3.8951e-02
  -4.9896e-07  -1.4675e-03  -1.4530e-01   4.8964e-05  -6.0183e-02  -1.7545e-03   9.1225e-03   1.9439e-03  -3.9392e-02
  -4.1502e-07  -1.2226e-03  -1.4525e-01  -9.3288e-04  -5.8572e-02  -1.8215e-03   9.0184e-03   2.2622e-03  -3.9666e-02
  -3.4519e-07  -1.0184e-03  -1.4511e-01  -2.1142e-03  -5.6601e-02  -1.8682e-03   8.9101e-03   2.5188e-03  -3.9783e-02
  -2.8712e-07  -8.4802e-04  -1.4486e-01  -3.5322e-03  -5.4208e-02  -1.8960e-03   8.7943e-03   2.7222e-03  -3.9746e-02
  -2.3882e-07  -7.0603e-04  -1.4451e-01  -5.2303e-03  -5.1321e-02  -1.9061e-03   8.6675e-03   2.8791e-03  -3.9557e-02
  -1.9864e-07  -5.8772e-04  -1.4403e-01  -7.2601e-03  -4.7852e-02  -1.8987e-03   8.5259e-03   2.9947e-03  -3.9210e-02
  -1.6522e-07  -4.8917e-04  -1.4342e-01  -9.6813e-03  -4.3698e-02  -1.8740e-03   8.3651e-03   3.0733e-03  -3.8696e-02
  -1.3742e-07  -4.0710e-04  -1.4265e-01  -1.2563e-02  -3.8742e-02  -1.8312e-03   8.1805e-03   3.1176e-03  -3.8002e-02
  -1.1430e-07  -3.3877e-04  -1.4172e-01  -1.5985e-02  -3.2846e-02  -1.7695e-03   7.9671e-03   3.1295e-03  -3.7110e-02
  -9.5075e-08  -2.8188e-04  -1.4058e-01  -2.0038e-02  -2.5856e-02  -1.6873e-03   7.7189e-03   3.1102e-03  -3.5997e-02
  -7.9080e-08  -2.3454e-04  -1.3922e-01  -2.4823e-02  -1.7595e-02  -1.5829e-03   7.4298e-03   3.0597e-03  -3.4637e-02
  -6.5776e-08  -1.9513e-04  -1.3761e-01  -3.0451e-02  -7.8722e-03  -1.4538e-03   7.0928e-03   2.9775e-03  -3.3000e-02
  -5.4710e-08  -1.6234e-04  -1.3571e-01  -3.7045e-02   3.5228e-03  -1.2977e-03   6.7007e-03   2.8626e-03  -3.1050e-02
  -4.5506e-08  -1.3505e-04  -1.3347e-01  -4.4732e-02   1.6811e-02  -1.1115e-03   6.2458e-03   2.7134e-03  -2.8751e-02
  -3.7850e-08  -1.1235e-04  -1.3088e-01  -5.3642e-02   3.2217e-02  -8.9234e-04   5.7201e-03   2.5281e-03  -2.6065e-02
  -3.1482e-08  -9.3460e-05  -1.2788e-01  -6.3904e-02   4.9962e-02  -6.3720e-04   5.1162e-03   2.3045e-03  -2.2956e-02
  -2.6186e-08  -7.7745e-05  -1.2445e-01  -7.5633e-02   7.0246e-02  -3.4336e-04   4.4270e-03   2.0407e-03  -1.9388e-02
  -2.1780e-08  -6.4671e-05  -1.2056e-01  -8.8925e-02   9.3235e-02  -8.5873e-06   3.6470e-03   1.7352e-03  -1.5334e-02
  -1.8116e-08  -5.3795e-05  -1.1619e-01  -1.0384e-01   1.1904e-01   3.6855e-04   2.7723e-03   1.3870e-03  -1.0775e-02
  -1.5068e-08  -4.4747e-05  -1.1134e-01  -1.2040e-01   1.4768e-01   7.8835e-04   1.8019e-03   9.9631e-04  -5.7067e-03
  -1.2533e-08  -3.7221e-05  -1.0601e-01  -1.3856e-01   1.7910e-01   1.2497e-03   7.3811e-04   5.6444e-04  -1.4268e-04
  -1.0425e-08  -3.0960e-05  -1.0024e-01  -1.5822e-01   2.1310e-01   1.7497e-03  -4.1295e-04   9.4384e-05   5.8839e-03
  -8.6709e-09  -2.5753e-05  -9.4083e-02  -1.7919e-01   2.4938e-01   2.2838e-03  -1.6408e-03  -4.0919e-04   1.2317e-02
  -7.2121e-09  -2.1421e-05  -8.7613e-02  -2.0123e-01   2.8750e-01   2.8454e-03  -2.9307e-03  -9.3992e-04   1.9080e-02
  -5.9988e-09  -1.7817e-05  -8.0922e-02  -2.2402e-01   3.2692e-01   3.4264e-03  -4.2643e-03  -1.4899e-03   2.6075e-02
  -4.9896e-09  -1.4820e-05  -7.4116e-02  -2.4720e-01   3.6701e-01   4.0176e-03  -5.6205e-03  -2.0502e-03   3.3190e-02
   2.4948e-01  -8.1127e-02   8.5714e-03  -2.4720e-03   3.6701e-03  -3.3901e-01  -2.1944e-01  -3.6347e-02  -6.4202e-02
   2.4842e-01  -8.0635e-02   8.3842e-03  -2.4563e-03   3.5846e-03  -2.8337e-01  -1.8146e-01  -3.5232e-02  -5.3494e-02
   2.4531e-01  -7.9445e-02   8.0998e-03  -2.4193e-03   3.4565e-03  -2.2926e-01  -1.4465e-01  -3.3816e-02  -4.3111e-02
   2.4025e-01  -7.7599e-02   7.7219e-03  -2.3622e-03   3.2875e-03  -1.7847e-01  -1.1023e-01  -3.2136e-02  -3.3398e-02
   2.3346e-01  -7.5161e-02   7.2571e-03  -2.2870e-03   3.0802e-03  -1.3235e-01  -7.9125e-02  -3.0232e-02  -2.4618e-02
   2.2518e-01  -7.2213e-02   6.7140e-03  -2.1961e-03   2.8385e-03  -9.1774e-02  -5.1917e-02  -2.8148e-02  -1.6937e-02
   2.1570e-01  -6.8847e-02   6.1023e-03  -2.0923e-03   2.5664e-03  -5.7144e-02  -2.8865e-02  -2.5926e-02  -1.0432e-02
   2.0531e-01  -6.5160e-02   5.4319e-03  -1.9787e-03   2.2682e-03  -2.8458e-02  -9.9546e-03  -2.3603e-02  -5.1001e-03
   1.9430e-01  -6.1243e-02   4.7124e-03  -1.8579e-03   1.9480e-03  -5.4076e-03   5.0411e-03  -2.1211e-02  -8.8069e-04
   1.8294e-01  -5.7183e-02   3.9521e-03  -1.7326e-03   1.6092e-03   1.2525e-02   1.6490e-02  -1.8777e-02   2.3284e-03
   1.7146e-01  -5.3055e-02   3.1579e-03  -1.6052e-03   1.2550e-03   2.5974e-02   2.4838e-02  -1.6322e-02   4.6510e-03
   1.6006e-01  -4.8921e-02   2.3351e-03  -1.4774e-03   8.8732e-04   3.5613e-02   3.0557e-02  -1.3860e-02   6.2188e-03
   1.4889e-01  -4.4830e-02   1.4870e-03  -1.3509e-03   5.0767e-04   4.2105e-02   3.4107e-02  -1.1398e-02   7.1599e-03
   1.3809e-01  -4.0822e-02   6.1534e-04  -1.2267e-03   1.1665e-04   4.6060e-02   3.5911e-02  -8.9404e-03   7.5924e-03
   1.2773e-01  -3.6921e-02  -2.7981e-04  -1.1056e-03  -2.8582e-04   4.8017e-02   3.6342e-02  -6.4860e-03   7.6204e-03
   1.1789e-01  -3.3146e-02  -1.1999e-03  -9.8821e-04  -7.0048e-04   4.8438e-02   3.5717e-02  -4.0296e-03   7.3323e-03
   1.0861e-01  -2.9504e-02  -2.1476e-03  -8.7470e-04  -1.1286e-03   4.7709e-02   3.4298e-02  -1.5632e-03   6.8012e-03
   9.9887e-02  -2.5996e-02  -3.1269e-03  -7.6511e-04  -1.5721e-03   4.6141e-02   3.2298e-02   9.2407e-04   6.0861e-03
   9.1744e-02  -2.2621e-02  -4.1426e-03  -6.5933e-04  -2.0332e-03   4.3982e-02   2.9882e-02   3.4453e-03   5.2333e-03
   8.4167e-02  -1.9368e-02  -5.2006e-03  -5.5710e-04  -2.5146e-03   4.1425e-02   2.7178e-02   6.0155e-03   4.2784e-03
   7.7142e-02  -1.6228e-02  -6.3074e-03  -4.5808e-04  -3.0192e-03   3.8619e-02   2.4282e-02   8.6516e-03   3.2483e-03
   7.0645e-02  -1.3186e-02  -7.4702e-03  -3.6185e-04  -3.5505e-03   3.5675e-02   2.1264e-02   1.1372e-02   2.1630e-03
   6.4652e-02  -1.0228e-02  -8.6969e-03  -2.6794e-04  -4.1121e-03   3.2674e-02   1.8172e-02   1.4196e-02   1.0368e-03
   5.9133e-02  -7.3357e-03  -9.9961e-03  -1.7585e-04  -4.7078e-03   2.9673e-02   1.5036e-02   1.7146e-02  -1.1957e-04
   5.4060e-02  -4.4930e-03  -1.1377e-02  -8.5080e-05  -5.3418e-03   2.6711e-02   1.1875e-02   2.0243e-02  -1.2983e-03
   4.9402e-02  -1.6816e-03  -1.2848e-02   4.8964e-06  -6.0183e-03   2.3815e-02   8.6959e-03   2.3512e-02  -2.4930e-03
   4.5130e-02   1.1166e-03  -1.4419e-02   9.4573e-05  -6.7418e-03   2.1000e-02   5.4972e-03   2.6978e-02  -3.6973e-03
   4.1216e-02   3.9198e-03  -1.6101e-02   1.8442e-04  -7.5169e-03   1.8271e-02   2.2709e-03   3.0668e-02  -4.9039e-03
   3.7633e-02   6.7458e-03  -1.7903e-02   2.7487e-04  -8.3482e-03   1.5631e-02  -9.9690e-04   3.4611e-02  -6.1030e-03
   3.4355e-02   9.6119e-03  -1.9835e-02   3.6629e-04  -9.2401e-03   1.3075e-02  -4.3248e-03   3.8837e-02  -7.2806e-03
   3.1357e-02   1.2535e-02  -2.1907e-02   4.5895e-04  -1.0197e-02   1.0600e-02  -7.7362e-03   4.3377e-02  -8.4165e-03
   2.8617e-02   1.5529e-02  -2.4126e-02   5.5302e-04  -1.1223e-02   8.1958e-03  -1.1259e-02   4.8265e-02  -9.4812e-03
   2.6114e-02   1.8609e-02  -2.6501e-02   6.4851e-04  -1.2321e-02   5.8556e-03  -1.4925e-02   5.3535e-02  -1.0433e-02
   2.3827e-02   2.1785e-02  -2.9037e-02   7.4523e-04  -1.3494e-02   3.5705e-03  -1.8774e-02   5.9223e-02  -1.1211e-02
   2.1739e-02   2.5067e-02  -3.1737e-02   8.4273e-04  -1.4743e-02   1.3323e-03  -2.2851e-02   6.5366e-02  -1.1730e-02
   1.9832e-02   2.8458e-02  -3.4600e-02   9.4025e-04  -1.6068e-02  -8.6594e-04  -2.7209e-02   7.1998e-02  -1.1870e-02
   1.8092e-02   3.1957e-02  -3.7620e-02   1.0366e-03  -1.7467e-02  -3.0299e-03  -3.1917e-02   7.9152e-02  -1.1458e-02
   1.6504e-02   3.5559e-02  -4.0787e-02   1.1301e-03  -1.8933e-02  -5.1636e-03  -3.7058e-02   8.6855e-02  -1.0248e-02
   1.5055e-02   3.9250e-02  -4.4081e-02   1.2185e-03  -2.0458e-02  -7.2692e-03  -4.2740e-02   9.5115e-02  -7.8828e-03
   1.3732e-02   4.3005e-02  -4.7475e-02   1.2987e-03  -2.2029e-02  -9.3479e-03  -4.9103e-02   1.0391e-01  -3.8357e-03
   1.2525e-02   4.6792e-02  -5.0932e-02   1.3671e-03  -2.3630e-02  -1.1402e-02  -5.6334e-02   1.1313e-01   2.6912e-03
   1.1424e-02   5.0567e-02  -5.4403e-02   1.4190e-03  -2.5237e-02  -1.3438e-02  -6.4678e-02   1.2251e-01   1.2942e-02
   1.0420e-02   5.4275e-02  -5.7828e-02   1.4487e-03  -2.6822e-02  -1.5480e-02  -7.4440e-02   1.3135e-01   2.8923e-02
   9.5040e-03   5.7848e-02  -6.1136e-02   1.4498e-03  -2.8353e-02  -1.7597e-02  -8.5920e-02   1.3796e-01   5.3986e-02
   8.6683e-03   6.1210e-02  -6.4246e-02   1.4149e-03  -2.9792e-02  -1.9961e-02  -9.9057e-02   1.3801e-01   9.3773e-02
   7.9060e-03   6.4279e-02  -6.7071e-02   1.3361e-03  -3.1098e-02  -2.3005e-02  -1.1195e-01   1.2022e-01   1.5695e-01
   7.2106e-03   6.6969e-02  -6.9521e-02   1.2051e-03  -3.2229e-02  -2.7660e-02  -1.1556e-01   5.7046e-02   2.4952e-01
   6.5764e-03   6.9197e-02  -7.1509e-02   1.0135e-03  -3.3146e-02  -3.4762e-02  -8.3766e-02  -9.0885e-02   3.3519e-01
   5.9979e-03   7.0891e-02  -7.2958e-02   7.5338e-04  -3.3812e-02  -4.0885e-02  -3.3356e-03  -2.6320e-01   2.8853e-01
   5.4703e-03   7.1992e-02  -7.3807e-02   4.1754e-04  -3.4199e-02  -4.0795e-02   5.7591e-02  -2.9559e-01   1.2245e-01
   4.9891e-03   7.2465e-02  -7.4016e-02  -2.4444e-17  -3.4287e-02  -3.7746e-02   6.9944e-02  -2.3292e-01  -4.2384e-03
   4.5502e-03   7.2297e-02  -7.3571e-02  -5.0385e-04  -3.4072e-02  -3.4954e-02   6.2364e-02  -1.6576e-01  -6.8280e-02
   4.1499e-03   7.1503e-02  -7.2484e-02  -1.0972e-03  -3.3558e-02  -3.2803e-02   5.1349e-02  -1.1540e-01  -9.7472e-02
   3.7848e-03   7.0121e-02  -7.0792e-02  -1.7819e-03  -3.2762e-02  -3.1046e-02   4.1414e-02  -7.9908e-02  -1.0981e-01
   3.4518e-03   6.8213e-02  -6.8556e-02  -2.5588e-03  -3.1713e-02  -2.9473e-02   3.3308e-02  -5.4905e-02  -1.1374e-01
   3.1481e-03   6.5854e-02  -6.5850e-02  -3.4282e-03  -3.0445e-02  -2.7966e-02   2.6871e-02  -3.7100e-02  -1.1320e-01
   2.8711e-03   6.3130e-02  -6.2758e-02  -4.3902e-03  -2.8996e-02  -2.6472e-02   2.1787e-02  -2.4302e-02  -1.1013e-01
   2.6185e-03   6.0128e-02  -5.9368e-02  -5.4451e-03  -2.7409e-02  -2.4972e-02   1.7767e-02  -1.5059e-02  -1.0560e-01
   2.3881e-03   5.6934e-02  -5.5765e-02  -6.5943e-03  -2.5722e-02  -2.3467e-02   1.4574e-02  -8.3856e-03  -1.0020e-01
   2.1780e-03   5.3629e-02  -5.2028e-02  -7.8401e-03  -2.3971e-02  -2.1967e-02   1.2026e-02  -3.5968e-03  -9.4331e-02
   1.9864e-03   5.0282e-02  -4.8226e-02  -9.1862e-03  -2.2189e-02  -2.0485e-02   9.9812e-03  -2.0079e-04  -8.8241e-02
   1.8116e-03   4.6952e-02  -4.4414e-02  -1.0638e-02  -2.0402e-02  -1.9034e-02   8.3298e-03   2.1613e-03  -8.2105e-02
   1.6522e-03   4.3687e-02  -4.0639e-02  -1.2202e-02  -1.8631e-02  -1.7628e-02   6.9869e-03   3.7555e-03  -7.6046e-02
   1.5068e-03   4.0525e-02  -3.6936e-02  -1.3887e-02  -1.6893e-02  -1.6275e-02   5.8865e-03   4.7812e-03  -7.0148e-02
   1.3742e-03   3.7493e-02  -3.3327e-02  -1.5704e-02  -1.5198e-02  -1.4983e-02   4.9768e-03   5.3881e-03  -6.4467e-02
   1.2533e-03   3.4610e-02  -2.9829e-02  -1.7664e-02  -1.3556e-02  -1.3757e-02   4.2176e-03   5.6891e-03  -5.9039e-02
   1.1430e-03   3.1887e-02  -2.6448e-02  -1.9781e-02  -1.1968e-02  -1.2598e-02   3.5774e-03   5.7695e-03  -5.3884e-02
   1.0425e-03   2.9330e-02  -2.3187e-02  -2.2070e-02  -1.0438e-02  -1.1508e-02   3.0312e-03   5.6931e-03  -4.9009e-02
   9.5074e-04   2.6941e-02  -2.0040e-02  -2.4549e-02  -8.9648e-03  -1.0486e-02   2.5597e-03   5.5080e-03  -4.4415e-02
   8.6709e-04   2.4718e-02  -1.7001e-02  -2.7235e-02  -7.5461e-03  -9.5301e-03   2.1475e-03   5.2496e-03  -4.0094e-02
   7.9079e-04   2.2656e-02  -1.4058e-02  -3.0149e-02  -6.1796e-03  -8.6371e-03   1.7822e-03   4.9444e-03  -3.6034e-02
   7.2121e-04   2.0749e-02  -1.1199e-02  -3.3313e-02  -4.8627e-03  -7.8036e-03   1.4543e-03   4.6114e-03  -3.2221e-02
   6.5775e-04   1.8989e-02  -8.4084e-03  -3.6751e-02  -3.5930e-03  -7.0261e-03   1.1559e-03   4.2647e-03  -2.8637e-02
   5.9988e-04   1.7369e-02  -5.6714e-03  -4.0487e-02  -2.3688e-03  -6.3003e-03   8.8071e-04   3.9140e-03  -2.5264e-02
   5.4710e-04   1.5879e-02  -2.9712e-03  -4.4549e-02  -1.1904e-03  -5.6222e-03   6.2376e-04   3.5662e-03  -2.2083e-02
   4.9896e-04   1.4511e-02  -2.9043e-04  -4.8964e-02  -6.0183e-05  -4.9877e-03   3.8088e-04   3.2258e-03  -1.9077e-02
   4.5506e-04   1.3257e-02   2.3880e-03  -5.3763e-02   1.0163e-03  -4.3927e-03   1.4874e-04   2.8958e-03  -1.6227e-02
   4.1502e-04   1.2107e-02   5.0816e-03  -5.8974e-02   2.0292e-03  -3.8334e-03  -7.5358e-05   2.5779e-03  -1.3516e-02
   3.7850e-04   1.1055e-02   7.8072e-03  -6.4629e-02   2.9626e-03  -3.3059e-03  -2.9354e-04   2.2730e-03  -1.0928e-02
   3.4519e-04   1.0092e-02   1.0581e-02  -7.0758e-02   3.7936e-03  -2.8067e-03  -5.0739e-04   1.9813e-03  -8.4480e-03
   3.1482e-04   9.2116e-03   1.3420e-02  -7.7390e-02   4.4891e-03  -2.3327e-03  -7.1798e-04   1.7030e-03  -6.0648e-03
   2.8712e-04   8.4067e-03   1.6338e-02  -8.4551e-02   5.0036e-03  -1.8808e-03  -9.2581e-04   1.4376e-03  -3.7681e-03
   2.6186e-04   7.6713e-03   1.9348e-02  -9.2265e-02   5.2753e-03  -1.4483e-03  -1.1308e-03   1.1851e-03  -1.5511e-03
   2.3882e-04   6.9996e-03   2.2461e-02  -1.0055e-01   5.2219e-03  -1.0331e-03  -1.3320e-03   9.4527e-04   5.8923e-04
   2.1780e-04   6.3862e-03   2.5684e-02  -1.0941e-01   4.7354e-03  -6.3326e-04  -1.5277e-03   7.1821e-04   2.6515e-03
   1.9864e-04   5.8262e-03   2.9022e-02  -1.1884e-01   3.6751e-03  -2.4759e-04  -1.7152e-03   5.0440e-04   4.6285e-03
   1.8116e-04   5.3150e-03   3.2473e-02  -1.2883e-01   1.8607e-03   1.2461e-04  -1.8903e-03   3.0480e-04   6.5063e-03
   1.6522e-04   4.8484e-03   3.6031e-02  -1.3934e-01  -9.3658e-04   4.8329e-04  -2.0474e-03   1.2098e-04   8.2626e-03
   1.5068e-04   4.4226e-03   3.9681e-02  -1.5030e-01  -5.0032e-03   8.2758e-04  -2.1791e-03  -4.4699e-05   9.8655e-03
   1.3742e-04   4.0341e-03   4.3400e-02  -1.6162e-01  -1.0693e-02   1.1556e-03  -2.2756e-03  -1.8900e-04   1.1272e-02
   1.2533e-04   3.6796e-03   4.7154e-02  -1.7318e-01  -1.8436e-02   1.4646e-03  -2.3250e-03  -3.0764e-04   1.2426e-02
   1.1430e-04   3.3562e-03   5.0899e-02  -1.8481e-01  -2.8748e-02   1.7504e-03  -2.3124e-03  -3.9523e-04   1.3256e-02
   1.0425e-04   3.0612e-03   5.4579e-02  -1.9632e-01  -4.2231e-02   2.0079e-03  -2.2204e-03  -4.4516e-04   1.3680e-02
   9.5075e-05   2.7920e-03   5.8127e-02  -2.0747e-01  -5.9579e-02   2.2306e-03  -2.0287e-03  -4.4969e-04   1.3597e-02
   8.6709e-05   2.5465e-03   6.1467e-02  -2.1800e-01  -8.1565e-02   2.4113e-03  -1.7145e-03  -3.9996e-04   1.2895e-02
   7.9080e-05   2.3226e-03   6.4515e-02  -2.2760e-01  -1.0903e-01   2.5417e-03  -1.2527e-03  -2.8628e-04   1.1452e-02
   7.2121e-05   2.1183e-03   6.7185e-02  -2.3599e-01  -1.4287e-01   2.6132e-03  -6.1747e-04  -9.8411e-05   9.1391e-03
   6.5776e-05   1.9320e-03   6.9396e-02  -2.4287e-01  -1.8400e-01   2.6172e-03   2.1771e-04   1.7398e-04   5.8256e-03
   5.9988e-05   1.7620e-03   7.1074e-02  -2.4800e-01  -2.3329e-01   2.5459e-03   1.2782e-03   5.4085e-04   1.3875e-03
   5.4710e-05   1.6070e-03   7.2161e-02  -2.5116e-01  -2.9159e-01   2.3923e-03   2.5874e-03   1.0113e-03  -4.2881e-03
   4.9896e-05   1.4657e-03   7.2620e-02  -2.5224e-01  -3.5967e-01   2.1511e-03   4.1654e-03   1.5931e-03  -1.1297e-02
        0e+00        0e+00        0e+00        0e+00        0e+00  -5.5432e-01   7.4311e-01   3.0913e-01   2.1203e-01

